,species,Proportion false start,Proportion premature stop,Proportion Fragment (annotated),Proportion Pseudogene (annotated),protein length deviation
0,Actinidia_chinensis,0.020275995642174072,0.0,0.0,0.0,0.10587445130044477
1,Aegilops_tauschii,0.4508002221436866,0.0,0.0,0.0,0.14474296327530986
2,Amborella_trichopoda,0.028155090982316115,0.0,0.0,0.0,0.4493686983466701
3,Ananas_comosus,0.1531629368188341,0.0,0.0,0.0,0.1729250533607259
4,Arabidopsis_halleri,0.008116176379128055,0.0,0.0,0.0,0.05363957316705886
5,Arabidopsis_lyrata,0.027734410873358435,0.0,0.0,0.0,0.18341600402319766
6,Arabidopsis_thaliana,0.002425076009845085,0.0,0.0,0.0,0.0
7,Arabis_alpina,0.03429126752741913,0.0,0.0,0.0,0.06888306995643405
8,Asparagus_officinalis,0.012302721511122158,0.0,0.0,0.0,0.37562302606559345
9,Beta_vulgaris,0.0571622487839825,0.0,0.0,0.0,0.24185165136654635
10,Brachypodium_distachyon,0.025123870591664238,0.0,0.0,0.0,0.1459801180569324
11,Brassica_napus,0.010065320665083135,0.0,0.0,0.0,0.2589191898277798
12,Brassica_nigra,0.07782660273011312,0.0,0.0,0.0,0.3040854885162701
13,Brassica_oleracea,0.04738264099966227,0.0,0.0,0.0,0.23938725985655976
14,Brassica_rapa-o-18,0.05717730529342206,0.0,0.0,0.0,0.12384011731373963
15,Camelina_sativa,0.06367964155698684,0.0,0.0,0.0,0.09989577096926659
16,Cannabis_sativa_female,0.011418710530180643,0.0,0.0,0.0,0.2077495387664742
17,Capsicum_annuum,0.016710838331705957,0.0,0.0,0.0,0.21229279986573757
18,Chara_braunii,0.01808859957370816,0.0,0.0,0.0,0.4557403044510571
19,Chenopodium_quinoa,0.045517922500435716,0.0,0.0,0.0,0.09551789539209782
20,Chlamydomonas_reinhardtii,0.0012399256044637321,0.0,0.0,0.0,0.48259147697032156
21,Chondrus_crispus,0.009584990313041705,0.0,0.0,0.0,0.3707471469826183
22,Citrullus_lanatus,0.006787631427177144,0.0,0.0,0.0,0.13678077458414983
23,Citrus_clementina,0.08076,0.0,0.0,0.0,0.06860480351212112
24,Coffea_canephora,0.011222335184171425,0.0,0.0,0.0,0.08771903819568547
25,Corchorus_capsularis,0.05831857201253577,0.0,0.0,0.0,0.42101949085071366
26,Corylus_avellana,0.0001943105860407275,0.0,0.0,0.0,0.06622132160152043
27,Cucumis_melo,0.07915474045019259,0.0,0.0,0.0,0.3415152202519672
28,Cucumis_sativus,0.0,0.0,0.0,0.0,0.17910742558922643
29,Cyanidioschyzon_merolae,0.028353106776593605,0.0,0.0,0.0,0.22309229998968083
30,Cynara_cardunculus,0.06032823995472553,0.0,0.0,0.0,0.07860132244957327
31,Daucus_carota,9.34317481080071e-05,0.0,0.0,0.0,0.11014400074132127
32,Dioscorea_rotundata,0.05406500535440364,0.0,0.0,0.0,0.43671813963320266
33,Eragrostis_curvula,0.07696350259142475,0.0,0.0,0.0,0.13921009424758182
34,Eragrostis_tef,0.29577668150643727,0.0,0.0,0.0,0.1337890208167766
35,Eucalyptus_grandis,0.06547214443024552,0.0,0.0,0.0,0.13611731556373852
36,Ficus_carica,0.010163464600360895,0.0,0.0,0.0,0.37658242042347073
37,Galdieria_sulphuraria,0.017215342796738146,0.0,0.0,0.0,0.08072301608577195
38,Glycine_max,0.012755604057462833,0.0,0.0,0.0,0.1234379450439796
39,Gossypium_raimondii,0.051900125628140704,0.0,0.0,0.0,0.1104538617226718
40,Helianthus_annuus,0.0,0.0,0.0,0.0,0.44698060101473064
41,Juglans_regia,0.0834588880381357,0.0,0.0,0.0,0.16902568660356432
42,Kalanchoe_fedtschenkoi,0.010303284777623462,0.0,0.0,0.0,0.1309332844560684
43,Lactuca_sativa,0.0,0.0,0.0,0.0,0.23786262104759942
44,Ipomoea_triloba,9.566936666879265e-05,0.0,0.0,0.0,0.0867484975291854
45,Malus_domestica_Golden,2.461599054745963e-05,0.0,0.0,0.0,0.12769455770491328
46,Manihot_esculenta,0.01852076019852318,0.0,0.0,0.0,0.12780713798020082
47,Marchantia_polymorpha,0.006688442992689376,0.0,0.0,0.0,0.24313139246268595
48,Musa_acuminata,0.008282874443048097,0.0,0.0,0.0,0.07998855586781635
49,Nicotiana_attenuata,0.08286314525810325,0.0,0.0,0.0,0.1786042433716978
50,Nymphaea_colorata,0.04275968774175399,0.0,0.0,0.0,0.2565151390996698
51,Olea_europaea,0.0,0.0,0.0,0.0,0.24637369364714473
52,Oryza_barthii,0.004078091106290672,0.0,0.0,0.0,0.26927484368752347
53,Oryza_brachyantha,0.05047289072010488,0.0,0.0,0.0,0.2597204414713201
54,Oryza_glaberrima,0.12682426727777107,0.0,0.0,0.0,0.1900828711349284
55,Oryza_glumipatula,0.004001679026164825,0.0,0.0,0.0,0.2320846162146641
56,Oryza_longistaminata,0.10884933409076564,0.0,0.0,0.0,0.28872895697177425
57,Oryza_meridionalis,0.0037873618124744097,0.0,0.0,0.0,0.22344494660776187
58,Oryza_nivara,0.004158290419409027,0.0,0.0,0.0,0.23423275132056798
59,Oryza_punctata,0.0028335747119199043,0.0,0.0,0.0,0.14926792311510428
60,Oryza_rufipogon,0.004396967980362008,0.0,0.0,0.0,0.25427589331750367
61,Oryza_sativa_indica,0.0,0.0,0.0,0.0,0.17140604393918799
62,Oryza_sativa_J.,0.19745632424877707,0.0,0.0,0.0,0.26488500535592535
63,Ostreococcus_lucimarinus,0.14717874523214522,0.0,0.0,0.0,0.152946509106753
64,Panicum_hallii,0.0009019030153624147,0.0,0.0,0.0,0.13391016874488848
65,Papaver_somniferum,0.022360545846301174,0.0,0.0,0.0,0.16561973703853647
66,Phaseolus_vulgaris,0.05711949953792564,0.0,0.0,0.0,0.04652301317874047
67,Physcomitrium_patens,0.046069367748340265,0.0,0.0,0.0,0.35349384640627013
68,Pistacia_vera,0.0036181726654920714,0.0,0.0,0.0,0.1076745149166433
69,Populus_trichocarpa,0.050030240716100155,0.0,0.0,0.0,0.14400792424887068
70,Prunus_avium,0.07498714773099033,0.0,0.0,0.0,0.49024593722342946
71,Prunus_dulcis,0.09380252476486786,0.0,0.0,0.0,0.10207560087451581
72,Prunus_persica,0.011089197335615674,0.0,0.0,0.0,0.09661156009007062
73,Quercus_lobata,0.0,0.0,0.0,0.0,0.13026078256820908
74,Rosa_chinensis,0.0,0.0,0.0,0.0,0.3943311078275166
75,Saccharum_spontaneum,0.16276931161324226,0.0,0.0,0.0,0.078978067666882
76,Selaginella_moellendorffii,0.18796517141297164,0.0,0.0,0.0,0.12723299061159413
77,Sesamum_indicum,0.012116637533767679,0.0,0.0,0.0,0.09072862810314387
78,Setaria_italica,0.062431972314476294,0.0,0.0,0.0,0.1860259338941231
79,Setaria_viridis,0.0033390723639588876,0.0,0.0,0.0,0.19357079870617253
80,Solanum_melongena,0.019160270363157293,0.0,0.0,0.0,0.22286570626368518
81,Solanum_tuberosum,0.00533046308398042,0.0,0.0,0.0,0.3640094707753156
82,Sorghum_bicolor,0.010698165191394571,0.0,0.0,0.0,0.11782237105826691
83,Theobroma_cacao,0.009113334246950803,0.0,0.0,0.0,0.15507818307673193
84,Trifolium_pratense,0.23107948994162889,0.0,0.0,0.0,0.29813018705668826
85,Triticum_aestivum,0.0016737179785206193,0.0,0.0,0.0,0.06777352107484606
86,Triticum_dicoccoides,0.5111157282360275,0.0,0.0,0.0,0.08526190161500953
87,Triticum_spelta,0.029293651424082752,0.0,0.0,0.0,0.10266025962912542
88,Triticum_turgidum,0.0004808776016229619,0.0,0.0,0.0,0.06626373305032915
89,Triticum_urartu,0.17301833821157636,0.0,0.0,0.0,0.22491675661830865
90,Vigna_angularis,0.01249261665682221,0.0,0.0,0.0,0.1863610247655655
91,Vigna_radiata,0.03639127324749642,0.0,0.0,0.0,0.0716168564930624
92,Vitis_vinifera,0.008587563070137335,0.0,0.0,0.0,0.2247383670304543
93,Zea_mays,0.028825837609417447,0.0,0.0,0.0,0.19639262462381246
94,Secale_cereale,0.0,0.0,0.0,0.0,0.1070885399209009
95,Hordeum_vulgare_L_Barke,0.0137547269627917,0.0,0.0,0.0,0.4068791622648699
96,Hordeum_vulgare_L_Morex,0.012017342674919098,0.0,0.0,0.0,0.5025682712599027
97,Hordeum_vulgare_L_HOR_10350,0.008208777230084275,0.0,0.0,0.0,0.3839606442474055
98,Solanum_lycopersicum,0.0010378228782287823,0.0,0.0,0.0,0.3038645295381647
99,Solanum_pennellii,0.0,0.0,0.0,0.0,0.22118071427535574
100,Solanum_pimpinellifolium,0.048954062130794354,0.0,0.0,0.0,0.7981764893347582
101,Leersia_perrieri,0.0036109773712084737,0.0,0.0,0.0,0.12391215502668938
102,Hordeum_vulgare,0.0002791346824842987,0.0,0.0,0.0,0.16423387003211246
103,Lupinus_angustifolius,0.006258692628650904,0.0,0.0,0.0,0.06767949179303105
104,Eutrema_salsugineum,0.053528347406513875,0.0,0.0,0.0,0.044858841617136075
105,Medicago_truncatula,0.005570533661089525,0.0,0.0,0.0,0.3682162964042461
