109376
110835
112509
13333
15368
1590841
210143
214687
29730
29760
3055
3197
3218
3469
3483
3641
3659
3694
3702
3708
3755
3760
3847
3871
3880
3885
3914
3983
39946
39947
4072
4081
4113
4232
436017
4528
4529
4533
4536
4537
4538
4555
4558
4565
4572
4577
4686
49390
49451
50452
59895
63459
71139
74649
79200
85681
88036
13792
1437183
1437197
1437201
147368
147369
147370
147389
147429
163735
1648030
2231382
2231393
2233838
2692248
29655
296587
29729
3041
3042
3067
3175
3193
33090
3318
3328
3330
3332
3352
3398
34305
35493
359160
3629
3633
3635
3646
3700
3701
3705
3744
3745
3754
37682
38832
4070
4085
4097
4107
4210
424551
4447
4479
4527
4530
4564
4734
51351
554065
564608
58023
58024
59689
70447
70448
71274
71275
91835
91836
91882
91888
130081
13451
1504633
158383
1813537
200361
210225
2769
280699
28526
3494
3555
35885
3654
3656
3710
3750
38414
3916
40148
40149
4084
4111
4182
42229
4236
4513
4550
4556
4567
4615
51240
55513
55577
57577
58933
62335
63677
63787
65489
69332
72664
77586
81972
85692
90675
97700
