109376
110835
112509
13333
13792
1437183
1437197
1437201
147368
147369
147370
147389
147429
15368
1590841
163735
1648030
210143
214687
2231382
2231393
2233838
2692248
29655
296587
29729
29730
29760
3041
3042
3055
3067
3175
3193
3197
3218
33090
3318
3328
3330
3332
3352
3398
34305
3469
3483
35493
359160
3629
3633
3635
3641
3646
3659
3694
3700
3701
3702
3705
3708
3744
3745
3754
3755
3760
37682
3847
3871
3880
38832
3885
3914
3983
39946
39947
4070
4072
4081
4085
4097
4107
4113
4210
4232
424551
436017
4447
4479
4527
4528
4529
4530
4533
4536
4537
4538
4555
4558
4564
4565
4572
4577
4686
4734
49390
49451
50452
51351
554065
564608
58023
58024
59689
59895
63459
70447
70448
71139
71274
71275
74649
79200
85681
88036
91835
91836
91882
91888
