109376
110835
112509
130081
13333
13451
1504633
15368
158383
1590841
1813537
200361
210143
210225
214687
2769
280699
28526
29730
29760
3055
3197
3218
3469
3483
3494
3555
35885
3641
3654
3656
3659
3694
3702
3708
3710
3750
3755
3760
38414
3847
3871
3880
3885
3914
3916
3983
39946
39947
40148
40149
4072
4081
4084
4111
4113
4182
42229
4232
4236
436017
4513
4513 
4528
4529
4533
4536
4537
4538
4550
4555
4556
4558
4565
4567
4572
4577
4615
4686
49390
49451
50452
51240
55513
55577
57577
58933
59895
62335
63459
63677
63787
65489
69332
71139
72664
74649
77586
79200
81972
85681
85692
88036
90675
97700
